5384
8529
8959
8960
8961
8966
9098
15802
16230
25465
30788
30981
33847
35086
39031
39368
39410
41268
44578
44703
44947
44978
45053
47201
47862
48456
48631
49626
49647
49832
50529
50602
50710
50811
50961
51182
56442
56479
56960
57000
57143
57163
57171
57187
57511
57568
57585
57702
58165
58283
58287
59605
59692
59695
59773
59868
59878
59981
59982
59983
60051
60117
60140
60849
61137
61164
61313
61330
61963
62251
62458
154147
197024
197381
197703
198129
198157
198247
198381
198394
198398
198503
198504
198779
199739
200284
200315
200494
200851
201062
201340
201678
201700
202024
202041
202638
202670
202715
202930
203656
203785
203790
203884
203896
204206
204523
204832
205023
205213
205380
205601
205951
205980
205988
206042
206204
206283
206771
206797
206816
207418
207712
207833
208006
208105
208111
208213
208278
208428
208797
208800
208922
209043
209173
209526
209538
209995
210296
210744
210838
211112
211416
211603
212020
212546
212741
212809
212827
213303
213453
213456
213622
213811
213902
213931
214095
214120
214227
214366
214477
214687
214695
214798
214965
215024
215078
215108
215174
215211
215377
215441
215716
215878
215935
215999
216070
216071
216154
216194
216382