8814
13099
15723
15815
28787
29049
29584
31721
34170
34876
39232
39280
39397
41997
42779
44725
48542
48830
49345
50274
50371
50959
57293
57675
59704
60258
61304
196821
196925
196961
197830
198828
198876
199311
199444
199489
199731
199985
199987
200012
200154
200192
200196
200228
200446
200650
200729
201167
201300
201373
201390
202993
203622
203680
203971
204016
204840
204986
205258
205317
205367
205547
206977
207251
207619
207922
208410
208439
209089
209360
209374
209489
209700
210260
210293
210419
210665
211143
211780
211790
211937
211960
211995
213139
213328
213379
213398
213402
213670
213881
214468
214489
214682
214889
214946
214990
215017
215056
215076
215148
215284
215328
215374
215800
215858
216231
216232
216259
219159
219253
219310
219323
219343
219485