2588
2877
3241
3281
5518
5528
5538
6747
6832
6851
6906
8194
8285
8538
8605
9029
9091
12443
12509
12525
12578
12847
12965
12993
13070
13242
13244
15392
15483
15615
15684
15721
15818
15827
15899
16062
16279
20509
20548
20777
20910
21016
21061
21178
21325
24589
24620
24651
24921
24972
25107
25241
25444
28699
28803
29345
29466
29569
29600
31059
31519
33867
34001
34018
34073
34326
34354
34417
34535
34620
35036
35108
35302
35333
35373
35407
35484
35636
35734
35809
38964
39352
39607
39626
39675
39814
39845
39900
41333
41376
41390
41424
41563
41609
41679
41726
41898
42078
42099
42532
42663
42936
43028
43104
43123
43162
43188
43317
43513
43615
43813
43877
43956
44105
44441
44483
44575
44624
44698
47284
47352
47371
47485
47499
47570
47814
47922
48113
48193
48546
48798
48867
48870
49036
49549
49634
49654
49667
49700
50485
50731
50755
50893
51109
51249
51268
51338
51347
51548
51610
51763
51894
51955
51961
52048
52173
56323
56454
56925
56938
57058
57223
57379
57431
57841
57936
57946
57956
58061
58269
59615
59658
59732
59967
60057
60066
60206
60324
60537
60567
61127
61277
61376
62220
62436
62453
64421
196948
197271
197325
197411
197446
197466
197616
197870
198082
198285
198343
198620
198924
199029
199031
199034
199103
199168
199277
199300
199529
199558
199577
199663
199962
200676
201269
201315
201504
201547
201574
201673
201716
201861
201897
202071
202221
202263
202280
202555
202589
202863
202920
202998
203142
203339
203355
203557
203856
203866
204130
204380
204391
204780
205045
205370
205445
205568
205625
205680
205821
206111
206297
206362
206541
206600
206902
206923
207066
207377
207689
208030
208284
208783
208938
208995
208996
209018
209603
209804
209895
210130
210213
210556
210591
210599
210668
210817
210830
210886
210895
211008
211381
211424
211527
211838
211885
212132
212451
212496
212676
212717
212911
213022
213164
213166
213601
213649
213814
213934
214360
214507
215324
215329
215373
215537
215626
215702
215712
216268
216464
219443