20180
21242
34046
36867
36902
36958
37343
37518
37707
37740
42375
42745
43180
44372
44893
46805
47464
47739
48780
49111
51370
51381
51711
51837
52208
56434
56873
56897
57858
57972
59406
60039
60326
60485
61336
63119
64494
133772
134979
197170
198738
199834
199835
200195
200699
201118
201162
201744
201936
202412
202425
202492
202959
203429
203538
203802
204615
204740
205083
206264
206317
206776
207616
208220
208273
209101
209132
209272
210334
210530
210848
211238
211323
211632
211720
211922
213373
213438
216206
216213
327709
327837
327861
328247
328383
328543
328703
328958
329225