1885
2592
2600
2872
3188
5422
5458
5474
6205
6707
6822
6823
7768
8363
8386
8456
8466
8467
8517
8678
8685
8705
8721
8831
8869
8947
9000
9021
9074
9095
9121
9215
12296
12444
12599
12729
12735
12777
12794
12840
12858
12861
12873
12891
12903
12908
12978
13102
13138
13204
13278
15460
15464
15656
15755
15819
15843
15897
15924
16135
20649
20864
20907
20967
20978
21245
24614
24667
24891
24922
24944
25145
25323
25566
25594
28746
28781
28865
28967
29060
29144
29189
29221
29262
29399
29434
29483
29549
30734
30758
30840
31085
31307
31471
31486
31541
31645
31654
31674
31689
31704
33830
33856
33910
33960
34104
34117
34162
34296
34388
34398
34403
34418
34476
34478
34593
34595
34619
34684
34736
34755
34828
34984
34987
34996
35079
35080
35185
35331
35367
35474
35509
38920
39095
39172
39253
39298
39582
39615
39841
40987
41077
41155
41296
41324
41417
41683
41686
41735
41755
41801
41902
41933
42055
42075
42083
42193
42216
42287
42321
42338
42421
42494
42584
42626
42701
42716
42724
42736
42807
42846
42868
42910
42926
42967
42999
43116
43210
43231
43242
43260
43300
43322
43331
43352
43356
43391
43417
43425
43479
43488
43562
43582
43677
43716
43725
43856
43945
44028
44261
44274
44319
44389
44547
44558
44565
44620
44637
44639
44713
44714
44766
44922
47123
47134
47185
47190
47276
47288
47331
47387
47516
47524
47585
47607
47721
47757
47773
47803
47883
47894
47930
47951
47952
48011
48207
48215
48286
48292
48313
48319
48660
48678
48737
48779
48811
48814
48895
49027
49029
49067
49094
49126
49175
49177
49334
49467
49534
49563
49565
49614
49632
49672
49805
49840
49843
49861
49875
49879
49887
50019
50055
50090
50111
50135
50139
50264
50528
50540
50565
50875
50913
50941
51021
51174
51206
51321
51361
51435
51476
51533
51540
51557
51559
51566
51575
51585
51625
51683
51695
51703
51722
51729
51739
51791
51801
51814
51915
52033
52093
52117
56325
56509
56579
56582
56643
56650
56715
56727
56841
56980
56998
57152
57302
57397
57419
57447
57598
57610
57621
57669
57834
57844
57886
57922
57935
58018
58059
58109
58127
58151
58156
58183
58203
58261
58293
58295
58348
59489
59490
59510
59674
59886
59887
60027
60056
60083
60093
60146
60232
60250
60289
60369
60442
60446
60596
60607
60647
60652
60659
60683
60707
60721
60847
60881
60896
60946
60993
61080
61084
61132
61148
61220
61345
61347
61418
61420
62026
62077
62085
62095
62158
62211
62274
62369
62425
62433
62456
64447
134392
196627
196733
196971
197042
197130
197143
197386
197428
197450
197597
197633
197654
197720
197851
197894
197912
197916
197941
198208
198234
198236
198325
198417
198436
198497
198511
198520
198659
198662
198970
199038
199198
199333
199366
199402
199419
199484
199505
199515
199608
199652
199724
199797
199812
199907
199911
199924
199929
199934
199964
199972
200002
200006
200010
200016
200040
200075
200091
200106
200155
200190
200193
200194
200239
200266
200283
200334
200344
200385
200404
200443
200456
200571
200572
200673
200691
200710
200791
200817
200830
200833
200875
200972
200977
201021
201030
201032
201064
201079
201086
201128
201160
201178
201218
201233
201241
201272
201274
201283
201325
201331
201336
201364
201407
201411
201473
201520
201534
201584
201592
201618
201632
201658
201688
201707
201713
201741
201751
201760
201863
201880
201928
202033
202048
202106
202124
202130
202155
202159
202233
202254
202294
202303
202365
202444
202494
202505
202512
202518
202536
202557
202561
202588
202620
202678
202685
202711
202790
202859
202900
202924
202973
202976
202983
202991
203114
203216
203248
203259
203285
203289
203321
203377
203393
203399
203445
203458
203468
203494
203511
203519
203543
203545
203555
203576
203587
203606
203611
203634
203657
203678
203711
203771
203796
203804
203810
203925
203963
203979
204036
204054
204132
204205
204209
204223
204240
204292
204324
204348
204422
204457
204529
204580
204647
204726
204736
204815
204843
204855
204876
204912
204918
205054
205059
205192
205230
205323
205335
205340
205351
205381
205416
205424
205463
205469
205531
205570
205725
205733
205757
205768
205782
205829
205852
205877
205888
205893
205935
205953
205961
206008
206030
206050
206064
206115
206119
206163
206192
206199
206271
206328
206354
206375
206409
206449
206461
206469
206505
206556
206558
206561
206592
206595
206603
206648
206668
206670
206716
206739
206806
206839
206849
206887
206938
206959
206991
207024
207211
207263
207267
207279
207326
207386
207429
207459
207474
207483
207497
207508
207519
207553
207582
207617
207620
207629
207633
207643
207681
207709
207723
207782
207805
207835
207983
208002
208012
208022
208049
208073
208095
208130
208138
208198
208359
208487
208553
208594
208624
208745
208799
208821
208855
208880
208901
208913
208916
208952
208961
208972
208999
209007
209088
209127
209140
209154
209171
209189
209192
209275
209286
209317
209359
209371
209380
209422
209435
209441
209451
209456
209474
209490
209500
209604
209658
209708
209711
209714
209727
209737
209799
209828
209831
209853
209956
210020
210107
210174
210178
210202
210289
210331
210388
210410
210458
210479
210484
210497
210517
210529
210538
210563
210566
210574
210588
210594
210608
210618
210628
210658
210681
210690
210708
210714
210816
210835
210853
210854
210880
210943
210949
210955
210981
211006
211104
211201
211225
211249
211264
211335
211346
211378
211384
211401
211422
211425
211467
211496
211539
211557
211558
211560
211567
211682
211686
211709
211711
211735
211804
211814
211851
211859
211863
211887
211905
211953
211961
211964
211996
212058
212066
212069
212110
212146
212167
212193
212219
212249
212269
212285
212289
212301
212418
212448
212501
212513
212521
212538
212549
212584
212598
212666
212684
212685
212742
212757
212770
212805
212829
212905
212945
213002
213020
213083
213143
213145
213157
213212
213234
213239
213243
213245
213248
213252
213257
213261
213274
213282
213301
213309
213332
213377
213407
213417
213421
213429
213440
213454
213488
213489
213500
213537
213570
213588
213596
213616
213637
213642
213652
213654
213657
213658
213676
213685
213708
213719
213730
213739
213751
213795
213796
213799
213826
213858
213865
213908
213945
213958
214000
214021
214038
214041
214058
214067
214107
214112
214135
214140
214195
214211
214247
214250
214252
214267
214281
214297
214321
214381
214382
214447
214449
214460
214466
214509
214528
214539
214547
214584
214588
214593
214608
214755
214796
214800
214803
214823
214846
214854
214876
214907
214941
214972
214995
215027
215033
215068
215130
215145
215155
215180
215181
215238
215249
215264
215267
215312
215347
215352
215371
215383
215391
215409
215411
215430
215454
215516
215531
215555
215559
215566
215567
215585
215612
215618
215620
215625
215640
215645
215710
215723
215739
215749
215761
215790
215803
215812
215822
215864
215880
215898
215900
215902
215906
215919
215961
215971
215977
216018
216045
216064
216076
216082
216084
216095
216099
216132
216146
216163
216184
216192
216199
216210
216227
216244
216308
216343
216356
216383
216385
216389
216394
216422
216436
216445