8193
12365
21001
25389
28910
29385
30865
31203
31492
34250
34718
35326
35682
39032
39231
39568
41177
41202
42017
43060
43268
43533
43647
47141
47452
47726
47752
47966
48525
48979
49146
49273
49424
49442
49508
49529
50025
50729
50792
51503
51508
56419
56759
57016
57764
57975
58254
58330
59454
59668
59706
61019
61106
61263
62447
64466
197486
197504
197661
197779
197984
198601
198946
199528
199552
199755
200204
200788
201264
201767
201772
202175
202436
202660
202763
203553
203912
204336
204839
205273
205455
205635
205640
206336
207154
207898
208192
208831
208870
209033
209078
209239
210390
210519
210774
211139
211403
211433
211914
212082
212089
212444
212860
213029
213165
213479
213528
213870
213951
213963
214414
214444
214694
214845
215028
215222
215237
215677
215940
216023
216087
216261
218902
218934
218946
218948
219269
219358
219520